%NORMTE The reference data for threshold electrotonus


TE_td = [0 10 20 30 40 50 60 70 80 90 100 100 110 120 130 140 150];
TEd1 = 100*[1.55 2.7 2.9 2.65 2.35 2.05 1.95 1.9 1.85 1.8 1.75 -0.4 -1 -1.45 -1.4 -1.35 -1.15]/5;
TEd2 = 100*[2.3 3.6  4   3.75 3.35 3  2.8 2.65 2.6 2.6 2.65 0.8 -0.2 -0.55 -0.6 -0.5 -0.4]/5;
TE = (TEd1+TEd2)/2;

%plot(TE_td,TE)